 40
 94
 103
 107
 117
 119
 127
 137
 155
 166
 189
 197
 6
 41
 47
 58
 65
 123
 125
 128
 134
 149
 160
 175
 34
 46
 63
 66
 103
 113
 117
 126
 128
 147
 196
 247
 3
 81
 102
 106
 119
 127
 129
 150
 169
 176
 180
 194
 36
 61
 74
 111
 124
 139
 140
 143
 159
 161
 183
 206
 33
 38
 78
 112
 119
 126
 134
 149
 166
 177
 188
 210
 59
 67
 109
 127
 130
 130
 131
 138
 142
 154
 178
 198
 8
 15
 35
 66
 72
 101
 116
 132
 209
 211
 221
 222
 49
 68
 97
 105
 123
 127
 131
 131
 151
 175
 179
 215
 79
 84
 86
 88
 128
 129
 139
 158
 173
 185
 187
 196
 29
 74
 128
 131
 131
 133
 166
 174
 189
 193
 203
 237
 13
 76
 90
 114
 122
 128
 129
 130
 135
 153
 161
 214
 65
 92
 108
 112
 124
 125
 129
 132
 138
 186
 194
 249
 7
 39
 99
 118
 122
 126
 130
 132
 140
 238
 248
 254
 16
 34
 37
 121
 123
 130
 136
 147
 155
 174
 181
 199
 10
 18
 22
 68
 107
 133
 137
 138
 139
 143
 163
 178
 110
 113
 121
 137
 167
 170
 191
 229
 234
 235
 241
 246
 31
 56
 84
 120
 124
 129
 136
 164
 168
 172
 184
 207
 77
 78
 87
 99
 114
 115
 121
 129
 136
 158
 163
 187
 60
 61
 82
 116
 123
 125
 125
 126
 133
 156
 181
 245
 17
 22
 63
 67
 127
 129
 147
 148
 150
 151
 193
 204
 24
 42
 69
 87
 91
 96
 109
 123
 130
 171
 236
 255
 9
 19
 43
 102
 110
 119
 120
 125
 130
 143
 184
 225
 36
 94
 125
 127
 129
 140
 141
 152
 153
 185
 188
 218
 28
 113
 114
 128
 128
 134
 137
 154
 172
 227
 250
 252
 1
 43
 55
 62
 115
 119
 130
 134
 135
 142
 216
 253
 64
 88
 92
 100
 120
 129
 138
 183
 186
 205
 239
 243
 56
 108
 111
 124
 131
 135
 135
 147
 179
 192
 200
 242
 21
 43
 52
 71
 145
 146
 167
 182
 190
 233
 243
 244
 14
 23
 26
 51
 54
 85
 95
 95
 111
 122
 130
 168
 79
 80
 83
 98
 100
 106
 118
 132
 160
 201
 213
 228
 5
 12
 32
 44
 72
 85
 134
 148
 173
 180
 190
 230
 20
 117
 135
 140
 148
 152
 169
 176
 195
 208
 220
 242
 3
 4
 70
 80
 97
 107
 128
 131
 145
 162
 212
 241
 53
 64
 101
 122
 145
 149
 197
 206
 230
 240
 251
 252
 2
 10
 86
 90
 99
 104
 124
 127
 132
 195
 217
 231
 27
 30
 76
 127
 132
 139
 142
 157
 171
 180
 191
 223
 25
 62
 82
 89
 126
 129
 129
 133
 144
 146
 219
 256
 45
 57
 73
 75
 83
 91
 109
 129
 133
 136
 140
 159
 70
 71
 81
 126
 128
 157
 170
 192
 202
 211
 226
 232
 75
 96
 104
 105
 112
 118
 120
 128
 164
 165
 179
 182
 48
 89
 93
 98
 110
 115
 116
 127
 132
 133
 133
 141
 50
 64
 69
 77
 88
 93
 131
 144
 156
 162
 171
 177
 11
 73
 118
 121
 126
 141
 144
 146
 165
 178
 224
 225
 87
 106
 109
 119
 126
 148
 152
 166
 196
 210
 212
 228
 38
 51
 94
 99
 121
 126
 144
 165
 170
 175
 188
 236
 86
 104
 108
 122
 126
 129
 131
 132
 135
 146
 201
 215
 7
 58
 62
 63
 90
 92
 114
 118
 131
 137
 139
 217
 12
 26
 50
 68
 71
 84
 87
 89
 118
 134
 200
 230
 9
 14
 21
 79
 80
 97
 100
 133
 150
 170
 233
 240
 75
 92
 121
 124
 129
 140
 146
 157
 171
 180
 195
 202
 10
 64
 78
 116
 134
 140
 145
 165
 185
 196
 205
 229
 36
 72
 103
 126
 129
 130
 136
 137
 144
 151
 191
 238
 23
 40
 54
 113
 119
 127
 128
 130
 137
 173
 207
 211
 46
 76
 85
 101
 113
 123
 124
 133
 153
 158
 161
 169
 6
 21
 47
 57
 69
 75
 109
 122
 139
 141
 181
 192
 9
 16
 32
 34
 117
 119
 125
 128
 145
 161
 174
 178
 3
 71
 78
 103
 125
 130
 142
 154
 166
 171
 193
 218
 53
 65
 104
 115
 118
 123
 127
 129
 144
 147
 163
 216
 37
 59
 85
 112
 128
 140
 182
 182
 188
 194
 214
 253
 19
 85
 88
 89
 100
 106
 120
 123
 129
 194
 197
 235
 41
 74
 114
 121
 131
 162
 175
 181
 181
 220
 242
 248
 91
 104
 107
 111
 116
 134
 136
 164
 177
 226
 243
 251
 61
 61
 72
 73
 106
 120
 121
 128
 147
 184
 222
 223
 2
 20
 66
 82
 102
 115
 119
 124
 130
 143
 190
 195
 5
 88
 98
 125
 126
 130
 132
 143
 151
 152
 189
 250
 28
 49
 65
 70
 95
 99
 115
 117
 146
 179
 199
 213
 8
 39
 76
 77
 80
 128
 129
 138
 140
 149
 164
 191
 42
 77
 88
 125
 127
 127
 133
 142
 160
 178
 186
 239
 60
 102
 117
 129
 129
 130
 130
 132
 133
 219
 244
 245
 62
 64
 67
 105
 110
 131
 131
 132
 149
 163
 172
 177
 11
 52
 68
 97
 118
 129
 129
 130
 134
 186
 202
 249
 1
 25
 96
 109
 114
 127
 132
 135
 139
 148
 176
 189
 72
 85
 94
 111
 125
 132
 142
 160
 167
 190
 221
 237
 70
 74
 93
 129
 130
 138
 156
 156
 179
 206
 225
 232
 17
 33
 83
 108
 127
 135
 135
 145
 148
 168
 192
 206
 30
 48
 86
 110
 116
 133
 154
 158
 164
 180
 187
 203
 29
 31
 35
 91
 93
 111
 128
 131
 137
 195
 233
 252
 25
 73
 81
 95
 96
 123
 133
 136
 141
 167
 174
 183
 4
 15
 24
 126
 129
 135
 135
 138
 185
 208
 227
 256
 18
 23
 67
 79
 121
 122
 128
 140
 150
 155
 173
 254
 56
 83
 98
 124
 125
 136
 143
 168
 169
 184
 224
 234
 30
 34
 73
 105
 113
 123
 124
 126
 157
 159
 223
 247
 55
 81
 107
 112
 112
 127
 142
 159
 162
 192
 197
 246
 27
 63
 66
 90
 100
 120
 131
 141
 143
 172
 204
 255
 43
 44
 52
 120
 122
 128
 134
 147
 161
 176
 187
 198
 13
 45
 84
 110
 128
 132
 138
 149
 155
 179
 193
 241
 22
 69
 82
 101
 109
 127
 131
 139
 153
 183
 209
 231
