1421340640.327192149
1421340640.337155989
1421340640.347118630
1421340640.357081191
1421340640.367043989
1421340640.377006710
1421340640.386969188
1421340640.396931269
1421340640.406893350
1421340640.416855431
1421340640.426817513
1421340640.436779827
1421340642.934075669
1421340642.944039109
1421340642.954001830
1421340642.963964471
1421340642.973927109
1421340642.983889830
1421340642.993852228
1421340643.003814389
1421340643.013776790
1421340643.023738951
1421340643.033701033
1421340643.043663347
1421340645.540960309
1421340645.550924149
1421340645.560886710
1421340645.570849271
1421340645.580812149
1421340645.590774790
1421340645.600737268
1421340645.610699429
1421340645.620661510
1421340645.630623511
1421340645.640585593
1421340645.650547827
1421340648.147848229
1421340648.157811669
1421340648.167774310
1421340648.177736951
1421340648.187699909
1421340648.197662630
1421340648.207625268
1421340648.217587509
1421340648.227549670
1421340648.237511751
1421340648.247473913
1421340648.257436467
1421340650.754743669
1421340650.764707189
1421340650.774669990
1421340650.784632551
1421340650.794595509
1421340650.804558230
1421340650.814520788
1421340650.824482949
1421340650.834445030
1421340650.844407191
1421340650.854369273
1421340650.864331587
1421340653.361624709
1421340653.371588069
1421340653.381550870
1421340653.391513511
1421340653.401476709
1421340653.411439430
1421340653.421401988
1421340653.431364149
1421340653.441326310
1421340653.451288391
1421340653.461250553
1421340653.471212867
1421340655.968503989
1421340655.978467429
1421340655.988429990
1421340655.998392631
1421340656.008355349
1421340656.018318230
1421340656.028280788
1421340656.038243029
1421340656.048205270
1421340656.058167431
1421340656.068129593
1421340656.078091987
1421340658.575390629
1421340658.585354149
1421340658.595316950
1421340658.605279591
1421340658.615242709
1421340658.625205430
1421340658.635167908
1421340658.645130149
1421340658.655092310
1421340658.665054391
1421340658.675016473
1421340658.684978787
1421340661.182279189
1421340661.192242629
1421340661.202205430
1421340661.212167991
1421340661.222130789
1421340661.232093430
1421340661.242056148
1421340661.252018309
1421340661.261980390
1421340661.271942551
1421340661.281904633
1421340661.291866947
1421340663.789159589
1421340663.799123109
1421340663.809085670
1421340663.819048391
1421340663.829011429
1421340663.838974150
1421340663.848936708
1421340663.858898869
1421340663.868861030
1421340663.878823111
1421340663.888785273
1421340663.898747507
1421340666.396048709
1421340666.406012229
1421340666.415975030
1421340666.425937751
1421340666.435900469
1421340666.445863190
1421340666.455825668
1421340666.465787909
1421340666.475749990
1421340666.485712151
1421340666.495674233
1421340666.505636547
1421340669.002933109
1421340669.012896789
1421340669.022859590
1421340669.032822311
1421340669.042785429
1421340669.052748150
1421340669.062710788
1421340669.072673029
1421340669.082635190
1421340669.092597351
1421340669.102559513
1421340669.112521907
1421340671.609818789
1421340671.619782309
1421340671.629744950
1421340671.639707671
1421340671.649670389
1421340671.659633030
1421340671.669595588
1421340671.679557749
1421340671.689519910
1421340671.699482071
1421340671.709444153
1421340671.719406467
1421340674.216708869
1421340674.226672309
1421340674.236635110
1421340674.246597831
1421340674.256560869
1421340674.266523590
1421340674.276486148
1421340674.286448309
1421340674.296410390
1421340674.306372551
1421340674.316334633
1421340674.326296947
1421340676.823597109
1421340676.833560549
1421340676.843523350
1421340676.853485991
1421340676.863448709
1421340676.873411430
1421340676.883373908
1421340676.893336149
1421340676.903298230
1421340676.913260391
1421340676.923222473
1421340676.933184787
1421340679.430089119
1421340679.440052719
1421340679.450015360
1421340679.459978001
1421340679.469941039
1421340679.479903760
1421340679.489866318
1421340679.499828719
1421340679.509790800
1421340679.519752961
1421340679.529715123
1421340679.539677437
1421340682.036969359
1421340682.046932719
1421340682.056895440
1421340682.066858081
1421340682.076820799
1421340682.086783440
1421340682.096745918
1421340682.106708159
1421340682.116670240
1421340682.126632321
1421340682.136594403
1421340682.146556717
1421340684.643856399
1421340684.653819919
1421340684.663782640
1421340684.673745281
1421340684.683708319
1421340684.693670960
1421340684.703633518
1421340684.713595679
1421340684.723557840
1421340684.733520001
1421340684.743482163
1421340684.753444397
1421340687.250739439
1421340687.260702879
1421340687.270665520
1421340687.280628081
1421340687.290590799
1421340687.300553520
1421340687.310516078
1421340687.320478239
1421340687.330440320
1421340687.340402401
1421340687.350364483
1421340687.360326797
1421340689.857627199
1421340689.867590559
1421340689.877553360
1421340689.887516001
1421340689.897479039
1421340689.907441760
1421340689.917404238
1421340689.927366479
1421340689.937328640
1421340689.947290721
1421340689.957252803
1421340689.967215117
1421340692.464508399
1421340692.474471839
1421340692.484434640
1421340692.494397281
1421340692.504360079
1421340692.514322720
1421340692.524285278
1421340692.534247439
1421340692.544209600
1421340692.554171681
1421340692.564133843
1421340692.574096157
1421340695.071393199
1421340695.081356639
1421340695.091319280
1421340695.101281921
1421340695.111244879
1421340695.121207600
1421340695.131170078
1421340695.141132239
1421340695.151094320
1421340695.161056401
1421340695.171018483
1421340695.180980797
1421340697.678281199
1421340697.688244719
1421340697.698207520
1421340697.708170161
1421340697.718132959
1421340697.728095600
1421340697.738058158
1421340697.748020399
1421340697.757982480
1421340697.767944641
1421340697.777906723
1421340697.787869037
1421340700.285170719
1421340700.295134159
1421340700.305096800
1421340700.315059361
1421340700.325022479
1421340700.334985120
1421340700.344947678
1421340700.354909919
1421340700.364872000
1421340700.374834161
1421340700.384796243
1421340700.394758557
1421340702.892059199
1421340702.902022719
1421340702.911985440
1421340702.921948081
1421340702.931910799
1421340702.941873520
1421340702.951836078
1421340702.961798239
1421340702.971760400
1421340702.981722481
1421340702.991684643
1421340703.001646877
1421340705.498945679
1421340705.508909119
1421340705.518871760
1421340705.528834321
1421340705.538797439
1421340705.548760160
1421340705.558722638
1421340705.568684879
1421340705.578646960
1421340705.588609121
1421340705.598571203
1421340705.608533517
1421340708.105827519
1421340708.115790879
1421340708.125753440
1421340708.135716001
1421340708.145678719
1421340708.155641440
1421340708.165603918
1421340708.175566079
1421340708.185528160
1421340708.195490321
1421340708.205452403
1421340708.215414637
1421340710.712720239
1421340710.722683759
1421340710.732646640
1421340710.742609281
1421340710.752572319
1421340710.762535040
1421340710.772497678
1421340710.782459839
1421340710.792421920
1421340710.802384081
1421340710.812346163
1421340710.822308397
1421340713.319604239
1421340713.329567759
1421340713.339530560
1421340713.349493121
1421340713.359456079
1421340713.369418720
1421340713.379381278
1421340713.389343439
1421340713.399305600
1421340713.409267681
1421340713.419229843
1421340713.429192157
1421340715.926480879
1421340715.936444319
1421340715.946406960
1421340715.956369681
1421340715.966332399
1421340715.976295040
1421340715.986257598
1421340715.996219759
1421340716.006181920
1421340716.016144161
1421340716.026106403
1421340716.036068717
1421340718.533371839
1421340718.543335359
1421340718.553298160
1421340718.563260961
1421340718.573223839
1421340718.583186480
1421340718.593149198
1421340718.603111359
1421340718.613073520
1421340718.623035601
1421340718.632997763
1421340718.642960077
1421340721.140261759
1421340721.150225279
1421340721.160188000
1421340721.170150561
1421340721.180113279
1421340721.190075840
1421340721.200038398
1421340721.210000559
1421340721.219962720
1421340721.229924801
1421340721.239886963
1421340721.249849277
1421340723.747143759
1421340723.757107199
1421340723.767069760
1421340723.777032321
1421340723.786995199
1421340723.796957840
1421340723.806920398
1421340723.816882559
1421340723.826844640
1421340723.836806801
1421340723.846768883
1421340723.856731437
1421340726.354030879
1421340726.363994319
1421340726.373957040
1421340726.383919601
1421340726.393882639
1421340726.403845280
1421340726.413807758
1421340726.423769999
1421340726.433732080
1421340726.443694241
1421340726.453656403
1421340726.463618637
1421340728.960918879
1421340728.970882319
1421340728.980845040
1421340728.990807601
1421340729.000770319
1421340729.010733120
1421340729.020695678
1421340729.030657999
1421340729.040620160
1421340729.050582321
1421340729.060544483
1421340729.070506877
1421340731.567800959
1421340731.577764479
1421340731.587727040
1421340731.597689601
1421340731.607652639
1421340731.617615280
1421340731.627577758
1421340731.637539999
1421340731.647502080
1421340731.657464241
1421340731.667426323
1421340731.677388637
1421340734.174690719
1421340734.184654239
1421340734.194617040
1421340734.204579601
1421340734.214542319
1421340734.224505040
1421340734.234467518
1421340734.244429839
1421340734.254391920
1421340734.264354081
1421340734.274320803
1421340734.284283197
1421340736.781575359
1421340736.791538799
1421340736.801501520
1421340736.811464081
1421340736.821427119
1421340736.831389760
1421340736.841352238
1421340736.851314399
1421340736.861276560
1421340736.871238721
1421340736.881200803
1421340736.891163117
1421340739.388081129
1421340739.398044649
1421340739.408007210
1421340739.417969851
1421340739.427932569
1421340739.437895130
1421340739.447857688
1421340739.457819849
1421340739.467782010
1421340739.477744171
1421340739.487706333
1421340739.497668647
1421340741.994960009
1421340742.004923449
1421340742.014886330
1421340742.024848971
1421340742.034812089
1421340742.044774730
1421340742.054737288
1421340742.064699609
1421340742.074661770
1421340742.084623931
1421340742.094586093
1421340742.104548487
1421340744.601844009
1421340744.611807529
1421340744.621770250
1421340744.631732811
1421340744.641695449
1421340744.651658090
1421340744.661620648
1421340744.671582809
1421340744.681544970
1421340744.691507051
1421340744.701469213
1421340744.711431527
1421340747.208729689
1421340747.218693129
1421340747.228655690
1421340747.238618251
1421340747.248581289
1421340747.258543930
1421340747.268506408
1421340747.278468649
1421340747.288430730
1421340747.298392811
1421340747.308354893
1421340747.318317207
1421340749.815621129
1421340749.825584569
1421340749.835547290
1421340749.845509851
1421340749.855472569
1421340749.865435210
1421340749.875397688
1421340749.885359929
1421340749.895322010
1421340749.905284171
1421340749.915246253
1421340749.925208567
1421340752.422496889
1421340752.432460329
1421340752.442422890
1421340752.452385531
1421340752.462348569
1421340752.472311210
1421340752.482273688
1421340752.492235929
1421340752.502198010
1421340752.512160171
1421340752.522122253
1421340752.532084567
1421340755.029384729
1421340755.039348169
1421340755.049310890
1421340755.059273451
1421340755.069236169
1421340755.079198810
1421340755.089161288
1421340755.099123449
1421340755.109085610
1421340755.119047691
1421340755.129009773
1421340755.138972087
1421340757.636277369
1421340757.646240889
1421340757.656203370
1421340757.666165931
1421340757.676128969
1421340757.686091610
1421340757.696054088
1421340757.706016329
1421340757.715978410
1421340757.725940571
1421340757.735902653
1421340757.745864967
1421340760.243160729
1421340760.253124089
1421340760.263086650
1421340760.273049211
1421340760.283011929
1421340760.292974570
1421340760.302937048
1421340760.312899289
1421340760.322861370
1421340760.332823451
1421340760.342785533
1421340760.352747847
1421340762.850050009
1421340762.860013609
1421340762.869976330
1421340762.879938891
1421340762.889901849
1421340762.899864490
1421340762.909826968
1421340762.919789209
1421340762.929751290
1421340762.939713451
1421340762.949675533
1421340762.959637847
1421340765.456935289
1421340765.466898809
1421340765.476861370
1421340765.486823931
1421340765.496786649
1421340765.506749290
1421340765.516711768
1421340765.526673929
1421340765.536636090
1421340765.546598251
1421340765.556560333
1421340765.566522647
1421340768.063812009
1421340768.073775449
1421340768.083738010
1421340768.093700571
1421340768.103663529
1421340768.113626170
1421340768.123588648
1421340768.133550809
1421340768.143512970
1421340768.153474971
1421340768.163437053
1421340768.173399367
1421340770.670709049
1421340770.680672569
1421340770.690635290
1421340770.700597931
1421340770.710560649
1421340770.720523290
1421340770.730485768
1421340770.740448009
1421340770.750410170
1421340770.760372251
1421340770.770334333
1421340770.780296647
1421340773.277590569
1421340773.287554089
1421340773.297516970
1421340773.307479611
1421340773.317442649
1421340773.327405290
1421340773.337367768
1421340773.347330009
1421340773.357292090
1421340773.367254251
1421340773.377216333
1421340773.387178647
1421340775.884478249
1421340775.894441929
1421340775.904404490
1421340775.914367131
1421340775.924329849
1421340775.934292490
1421340775.944255048
1421340775.954217209
1421340775.964179370
1421340775.974141531
1421340775.984103613
1421340775.994065927
1421340778.491362489
1421340778.501325929
1421340778.511288730
1421340778.521251291
1421340778.531214249
1421340778.541176970
1421340778.551139448
1421340778.561101609
1421340778.571063690
1421340778.581025851
1421340778.590988013
1421340778.600950327
1421340781.098245209
1421340781.108208969
1421340781.118171690
1421340781.128134331
1421340781.138096969
1421340781.148059610
1421340781.158022088
1421340781.167984249
1421340781.177946330
1421340781.187908411
1421340781.197870493
1421340781.207832727
1421340783.705131449
1421340783.715094969
1421340783.725057530
1421340783.735020091
1421340783.744983289
1421340783.754946010
1421340783.764908488
1421340783.774870649
1421340783.784832810
1421340783.794794971
1421340783.804757053
1421340783.814719367
1421340786.312017769
1421340786.321981209
1421340786.331944010
1421340786.341906571
1421340786.351869449
1421340786.361832170
1421340786.371794648
1421340786.381756889
1421340786.391719050
1421340786.401681211
1421340786.411643293
1421340786.421605607
1421340788.918909289
1421340788.928872729
1421340788.938835450
1421340788.948798011
1421340788.958760729
1421340788.968723370
1421340788.978685848
1421340788.988648249
1421340788.998610330
1421340789.008572491
1421340789.018534733
1421340789.028497127
1421340791.525792249
1421340791.535755769
1421340791.545718330
1421340791.555680891
1421340791.565643769
1421340791.575606410
1421340791.585568888
1421340791.595531049
1421340791.605493210
1421340791.615455291
1421340791.625417453
1421340791.635379767
1421340794.132684329
1421340794.142647769
1421340794.152610570
1421340794.162573131
1421340794.172535929
1421340794.182498570
1421340794.192461128
1421340794.202423369
1421340794.212385530
1421340794.222347691
1421340794.232309853
1421340794.242272167
1421340796.739565369
1421340796.749528809
1421340796.759491530
1421340796.769454091
1421340796.779416969
1421340796.789379610
1421340796.799342088
1421340796.809304249
1421340796.819266810
1421340796.829228971
1421340796.839191053
1421340796.849153687
1421340799.346068019
1421340799.356031459
1421340799.365994020
1421340799.375956661
1421340799.385919379
1421340799.395882020
1421340799.405844498
1421340799.415806739
1421340799.425768980
1421340799.435731061
1421340799.445693223
1421340799.455655537
1421340801.952947539
1421340801.962910979
1421340801.972873700
1421340801.982836261
1421340801.992799139
1421340802.002761780
1421340802.012724498
1421340802.022686739
1421340802.032648900
1421340802.042611061
1421340802.052573223
1421340802.062535617
1421340804.559833219
1421340804.569796579
1421340804.579759300
1421340804.589721861
1421340804.599684579
1421340804.609647300
1421340804.619609778
1421340804.629571939
1421340804.639534100
1421340804.649496181
1421340804.659458343
1421340804.669420657
1421340807.166716019
1421340807.176679859
1421340807.186642500
1421340807.196605061
1421340807.206568019
1421340807.216530660
1421340807.226493218
1421340807.236455459
1421340807.246417620
1421340807.256379781
1421340807.266341943
1421340807.276304337
1421340809.773602099
1421340809.783565539
1421340809.793528260
1421340809.803490821
1421340809.813453539
1421340809.823416180
1421340809.833378738
1421340809.843340979
1421340809.853303060
1421340809.863265381
1421340809.873227463
1421340809.883189777
1421340812.380486339
1421340812.390449779
1421340812.400412420
1421340812.410374981
1421340812.420337779
1421340812.430300500
1421340812.440262978
1421340812.450225299
1421340812.460187460
1421340812.470149541
1421340812.480111623
1421340812.490073937
1421340814.987372819
1421340814.997336259
1421340815.007298980
1421340815.017261701
1421340815.027224499
1421340815.037187140
1421340815.047149698
1421340815.057111939
1421340815.067074180
1421340815.077036341
1421340815.086998583
1421340815.096960897
1421340817.594263779
1421340817.604227459
1421340817.614190020
1421340817.624152581
1421340817.634115459
1421340817.644078100
1421340817.654040658
1421340817.664002819
1421340817.673964980
1421340817.683927061
1421340817.693889223
1421340817.703851617
1421340820.201146179
1421340820.211109699
1421340820.221072260
1421340820.231035061
1421340820.240997779
1421340820.250960420
1421340820.260923058
1421340820.270885299
1421340820.280847380
1421340820.290809541
1421340820.300771863
1421340820.310734337
1421340822.808035299
1421340822.817998739
1421340822.827961460
1421340822.837924021
1421340822.847886979
1421340822.857849620
1421340822.867812098
1421340822.877774339
1421340822.887736420
1421340822.897698581
1421340822.907660663
1421340822.917622977
1421340825.414922819
1421340825.424886339
1421340825.434848900
1421340825.444811461
1421340825.454774179
1421340825.464736820
1421340825.474699298
1421340825.484661459
1421340825.494623620
1421340825.504585701
1421340825.514547943
1421340825.524510257
1421340828.021802899
1421340828.031766339
1421340828.041728820
1421340828.051691381
1421340828.061654259
1421340828.071616900
1421340828.081579378
1421340828.091541539
1421340828.101503620
1421340828.111465781
1421340828.121427783
1421340828.131390257
1421340830.628697619
1421340830.638661299
1421340830.648624020
1421340830.658586581
1421340830.668549299
1421340830.678511940
1421340830.688474578
1421340830.698436739
1421340830.708398820
1421340830.718360901
1421340830.728322983
1421340830.738285217
1421340833.235582179
1421340833.245545539
1421340833.255508260
1421340833.265470821
1421340833.275433699
1421340833.285396340
1421340833.295358818
1421340833.305320979
1421340833.315283060
1421340833.325245141
1421340833.335207143
1421340833.345169217
1421340835.842456099
1421340835.852419619
1421340835.862382100
1421340835.872344741
1421340835.882307459
1421340835.892270100
1421340835.902232578
1421340835.912194739
1421340835.922156820
1421340835.932118901
1421340835.942080983
1421340835.952043217
1421340838.449345939
1421340838.459309379
1421340838.469272180
1421340838.479234741
1421340838.489197619
1421340838.499160260
1421340838.509122898
1421340838.519085059
1421340838.529047140
1421340838.539009221
1421340838.548971303
1421340838.558933537
1421340841.056230579
1421340841.066193939
1421340841.076156660
1421340841.086119221
1421340841.096081939
1421340841.106044580
1421340841.116007058
1421340841.125969139
1421340841.135931220
1421340841.145893301
1421340841.155855303
1421340841.165817537
1421340843.663116979
1421340843.673080419
1421340843.683042980
1421340843.693005541
1421340843.702968419
1421340843.712931060
1421340843.722893538
1421340843.732855699
1421340843.742817700
1421340843.752779781
1421340843.762741863
1421340843.772704097
1421340846.270008899
1421340846.279972339
1421340846.289935060
1421340846.299897861
1421340846.309860579
1421340846.319823220
1421340846.329785698
1421340846.339747859
1421340846.349709940
1421340846.359672021
1421340846.369634103
1421340846.379596177
1421340848.876892579
1421340848.886856019
1421340848.896818820
1421340848.906781381
1421340848.916744259
1421340848.926706900
1421340848.936669378
1421340848.946631539
1421340848.956593620
1421340848.966555701
1421340848.976517783
1421340848.986480017
1421340851.483775539
1421340851.493738979
1421340851.503701540
1421340851.513664101
1421340851.523626819
1421340851.533589460
1421340851.543552018
1421340851.553514099
1421340851.563476180
1421340851.573438261
1421340851.583400343
1421340851.593362577
1421340854.090665059
1421340854.100628419
1421340854.110591140
1421340854.120553621
1421340854.130516499
1421340854.140479140
1421340854.150441618
1421340854.160403699
1421340854.170365780
1421340854.180327861
1421340854.190289863
1421340854.200251937
1421340856.697549539
1421340856.707513059
1421340856.717475780
1421340856.727438341
1421340856.737401459
1421340856.747364100
1421340856.757326578
1421340856.767288739
1421340856.777250740
1421340856.787212821
1421340856.797174903
1421340856.807137137
1421340859.304049659
1421340859.314013099
1421340859.323975660
1421340859.333938221
1421340859.343901099
1421340859.353863740
1421340859.363826218
1421340859.373788379
1421340859.383750460
1421340859.393712541
1421340859.403674543
1421340859.413636617
1421340861.910933499
1421340861.920897019
1421340861.930859740
1421340861.940822301
1421340861.950785259
1421340861.960747900
1421340861.970710378
1421340861.980672539
1421340861.990634620
1421340862.000596701
1421340862.010558943
1421340862.020521257
1421340864.517820859
1421340864.527784299
1421340864.537747020
1421340864.547709581
1421340864.557672459
1421340864.567635100
1421340864.577597578
1421340864.587559739
1421340864.597521820
1421340864.607483901
1421340864.617445903
1421340864.627407977
1421340867.124700539
1421340867.134664059
1421340867.144626700
1421340867.154589341
1421340867.164552379
1421340867.174515100
1421340867.184477578
1421340867.194439819
1421340867.204401900
1421340867.214363981
1421340867.224326063
1421340867.234288377
1421340869.719100380
