60
148
230
312
411
504
587
666
749
833
915
1001
1088
1176
1263
1346
1429
1512
1595
1679
1763
1847
1929
2010
2094
2178
2261
2342
2424
2505
2586
2668
2748
2826
2905
2987
3074
3160
3243
3325
3407
3488
3572
3654
3734
3812
3891
3973
4053
4129
4199
4267
4343
4432
4526
4615
4700
4787
4875
4966
5052
5136
5224
5316
5412
5502
5591
5682
5774
5862
5950
6040
6132
6225
6316
6403
6490
6578
6668
6759
6846
6936
7028
7122
7214
7303
7395
7487
7579
7667
7754
7842
7933
8024
8112
8201
8290
8381
8469
8556
8644
8733
8824
8915
9003
9089
9176
9266
9355
9443
9528
9614
9702
9792
9882
9969
10059
10151
10243
10332
10419
10509
10598
10686
10772
10859
10951
11045
11138
11228
11318
11410
11500
11587
11672
11759
11849
11939
12031
12119
12205
12293
12384
12470
12553
12639
12728
12818
12908
12996
13086
13178
13268
13355
13441
13529
13618
13709
13800
13889
13980
14072
14164
14253
14339
14426
14515
14605
14695
14782
14872
14963
15055
15145
15231
15317
15404
15493
15583
15676
15765
15853
15943
16034
16125
16215
16301
16386
16473
16561
16648
16734
16818
16905
16993
17082
17169
17255
17343
17432
17521
17605
17688
17772
17854
17936
18020
18108
18197
18283
18366
18449
18532
18614
18698
18778
18857
18937
19019
19103
19185
19264
19347
19432
19516
19599
19679
19760
19842
19926
20006
20084
20162
20241
20321
20400
20475
20553
20635
20720
20803
20883
20960
21036
21113
21191
21268
21343
21423
21504
21576
21645
21714
21785
21866
21951
22040
22128
22211
22294
22377
22461
22542
22621
22702
22788
22877
22964
23048
23131
23218
23308
23401
23494
23584
23673
23763
23854
23945
24034
24118
24200
24286
24377
24470
24564
24656
24747
24837
24925
25013
25099
25183
25267
25352
25438
25523
25607
25690
25772
25856
25940
26026
26110
26192
26275
26359
26444
